BSPLINE # Curve type (BSPLINE or CATMULL_ROM)
19 # The number of cross sections.
30 # The number of control points per cross section

# Cross Section 01
10.0000 0.00000 # The 2D position of control points
9.78148 2.07912
9.13545 4.06737
8.09017 5.87785
6.69131 7.43145
5.00000 8.66025
3.09017 9.51057
1.04528 9.94522
-1.04529 9.94522
-3.09017 9.51056
-5.00000 8.66025
-6.69131 7.43145
-8.09017 5.87785
-9.13546 4.06737
-9.78148 2.07912
-10.0000 0.00000
-9.78148 -2.07912
-9.13545 -4.06737
-8.09017 -5.87785
-6.69131 -7.43145
-5.00000 -8.66025
-3.09017 -9.51057
-1.04528 -9.94522
1.04528 -9.94522
3.09017 -9.51056
5.00000 -8.66025
6.69131 -7.43145
8.09017 -5.87785
9.13546 -4.06737
9.78148 -2.07912
0.8 # Scaling factor
0.0 1 0 0 # Rotation
0 12 0 # Position 

# Cross Section 02
10.0000 0.00000 # The 2D position of control points
9.78148 2.07912
9.13545 4.06737
8.09017 5.87785
6.69131 7.43145
5.00000 8.66025
3.09017 9.51057
1.04528 9.94522
-1.04529 9.94522
-3.09017 9.51056
-5.00000 8.66025
-6.69131 7.43145
-8.09017 5.87785
-9.13546 4.06737
-9.78148 2.07912
-10.0000 0.00000
-9.78148 -2.07912
-9.13545 -4.06737
-8.09017 -5.87785
-6.69131 -7.43145
-5.00000 -8.66025
-3.09017 -9.51057
-1.04528 -9.94522
1.04528 -9.94522
3.09017 -9.51056
5.00000 -8.66025
6.69131 -7.43145
8.09017 -5.87785
9.13546 -4.06737
9.78148 -2.07912
0.84 # Scaling factor
0.0 1 0 0 # Rotation
0 4 0 # Position 

# Cross Section 03
10.0000 0.00000 # The 2D position of control points
9.78148 2.07912
9.13545 4.06737
8.09017 5.87785
6.69131 7.43145
5.00000 8.66025
3.09017 9.51057
1.04528 9.94522
-1.04529 9.94522
-3.09017 9.51056
-5.00000 8.66025
-6.69131 7.43145
-8.09017 5.87785
-9.13546 4.06737
-9.78148 2.07912
-10.0000 0.00000
-9.78148 -2.07912
-9.13545 -4.06737
-8.09017 -5.87785
-6.69131 -7.43145
-5.00000 -8.66025
-3.09017 -9.51057
-1.04528 -9.94522
1.04528 -9.94522
3.09017 -9.51056
5.00000 -8.66025
6.69131 -7.43145
8.09017 -5.87785
9.13546 -4.06737
9.78148 -2.07912
0.88 # Scaling factor
0.0 1 0 0 # Rotation
0 -8 0 # Position 

# Cross Section 04
10.0000 0.00000 # The 2D position of control points
9.78148 2.07912
9.13545 4.06737
8.09017 5.87785
6.69131 7.43145
5.00000 8.66025
3.09017 9.51057
1.04528 9.94522
-1.04529 9.94522
-3.09017 9.51056
-5.00000 8.66025
-6.69131 7.43145
-8.09017 5.87785
-9.13546 4.06737
-9.78148 2.07912
-10.0000 0.00000
-9.78148 -2.07912
-9.13545 -4.06737
-8.09017 -5.87785
-6.69131 -7.43145
-5.00000 -8.66025
-3.09017 -9.51057
-1.04528 -9.94522
1.04528 -9.94522
3.09017 -9.51056
5.00000 -8.66025
6.69131 -7.43145
8.09017 -5.87785
9.13546 -4.06737
9.78148 -2.07912
0.92 # Scaling factor
0.0 1 0 0 # Rotation
0 -20 0 # Position

# Cross Section 05
10.0000 0.00000 # The 2D position of control points
9.78148 2.07912
9.13545 4.06737
8.09017 5.87785
6.69131 7.43145
5.00000 8.66025
3.09017 9.51057
1.04528 9.94522
-1.04529 9.94522
-3.09017 9.51056
-5.00000 8.66025
-6.69131 7.43145
-8.09017 5.87785
-9.13546 4.06737
-9.78148 2.07912
-10.0000 0.00000
-9.78148 -2.07912
-9.13545 -4.06737
-8.09017 -5.87785
-6.69131 -7.43145
-5.00000 -8.66025
-3.09017 -9.51057
-1.04528 -9.94522
1.04528 -9.94522
3.09017 -9.51056
5.00000 -8.66025
6.69131 -7.43145
8.09017 -5.87785
9.13546 -4.06737
9.78148 -2.07912
1.0 # Scaling factor
0.0 1 0 0 # Rotation
0 -20 0 # Position

# Cross Section 06
10.0000 0.00000 # The 2D position of control points
9.78148 2.07912
9.13545 4.06737
8.09017 5.87785
6.69131 7.43145
5.00000 8.66025
3.09017 9.51057
1.04528 9.94522
-1.04529 9.94522
-3.09017 9.51056
-5.00000 8.66025
-6.69131 7.43145
-8.09017 5.87785
-9.13546 4.06737
-9.78148 2.07912
-10.0000 0.00000
-9.78148 -2.07912
-9.13545 -4.06737
-8.09017 -5.87785
-6.69131 -7.43145
-5.00000 -8.66025
-3.09017 -9.51057
-1.04528 -9.94522
1.04528 -9.94522
3.09017 -9.51056
5.00000 -8.66025
6.69131 -7.43145
8.09017 -5.87785
9.13546 -4.06737
9.78148 -2.07912
0.92 # Scaling factor
0.0 1 0 0 # Rotation
0 -8 0 # Position

# Cross Section 07
10.0000 0.00000 # The 2D position of control points
9.78148 2.07912
9.13545 4.06737
8.09017 5.87785
6.69131 7.43145
5.00000 8.66025
3.09017 9.51057
1.04528 9.94522
-1.04529 9.94522
-3.09017 9.51056
-5.00000 8.66025
-6.69131 7.43145
-8.09017 5.87785
-9.13546 4.06737
-9.78148 2.07912
-10.0000 0.00000
-9.78148 -2.07912
-9.13545 -4.06737
-8.09017 -5.87785
-6.69131 -7.43145
-5.00000 -8.66025
-3.09017 -9.51057
-1.04528 -9.94522
1.04528 -9.94522
3.09017 -9.51056
5.00000 -8.66025
6.69131 -7.43145
8.09017 -5.87785
9.13546 -4.06737
9.78148 -2.07912
0.88 # Scaling factor
0.0 1 0 0 # Rotation
0 4 0 # Position 

# Cross Section 08
10.0000 0.00000 # The 2D position of control points
9.78148 2.07912
9.13545 4.06737
8.09017 5.87785
6.69131 7.43145
5.00000 8.66025
3.09017 9.51057
1.04528 9.94522
-1.04529 9.94522
-3.09017 9.51056
-5.00000 8.66025
-6.69131 7.43145
-8.09017 5.87785
-9.13546 4.06737
-9.78148 2.07912
-10.0000 0.00000
-9.78148 -2.07912
-9.13545 -4.06737
-8.09017 -5.87785
-6.69131 -7.43145
-5.00000 -8.66025
-3.09017 -9.51057
-1.04528 -9.94522
1.04528 -9.94522
3.09017 -9.51056
5.00000 -8.66025
6.69131 -7.43145
8.09017 -5.87785
9.13546 -4.06737
9.78148 -2.07912
0.84 # Scaling factor
0.0 1 0 0 # Rotation
0 12 0 # Position 

# Cross Section 09
10.0000 0.00000 # The 2D position of control points
9.78148 2.07912
9.13545 4.06737
8.09017 5.87785
6.69131 7.43145
5.00000 8.66025
3.09017 9.51057
1.04528 9.94522
-1.04529 9.94522
-3.09017 9.51056
-5.00000 8.66025
-6.69131 7.43145
-8.09017 5.87785
-9.13546 4.06737
-9.78148 2.07912
-10.0000 0.00000
-9.78148 -2.07912
-9.13545 -4.06737
-8.09017 -5.87785
-6.69131 -7.43145
-5.00000 -8.66025
-3.09017 -9.51057
-1.04528 -9.94522
1.04528 -9.94522
3.09017 -9.51056
5.00000 -8.66025
6.69131 -7.43145
8.09017 -5.87785
9.13546 -4.06737
9.78148 -2.07912
0.8 # Scaling factor
0.0 1 0 0 # Rotation
0 16 0 # Position 

# Cross Section 10
10.0000 0.00000 # The 2D position of control points
9.78148 2.07912
9.13545 4.06737
8.09017 5.87785
6.69131 7.43145
5.00000 8.66025
3.09017 9.51057
1.04528 9.94522
-1.04529 9.94522
-3.09017 9.51056
-5.00000 8.66025
-6.69131 7.43145
-8.09017 5.87785
-9.13546 4.06737
-9.78148 2.07912
-10.0000 0.00000
-9.78148 -2.07912
-9.13545 -4.06737
-8.09017 -5.87785
-6.69131 -7.43145
-5.00000 -8.66025
-3.09017 -9.51057
-1.04528 -9.94522
1.04528 -9.94522
3.09017 -9.51056
5.00000 -8.66025
6.69131 -7.43145
8.09017 -5.87785
9.13546 -4.06737
9.78148 -2.07912
0.7 # Scaling factor
0.0 1 0 0 # Rotation
0 18 0 # Position 

# Cross Section 11
10.0000 0.00000 # The 2D position of control points
9.78148 2.07912
9.13545 4.06737
8.09017 5.87785
6.69131 7.43145
5.00000 8.66025
3.09017 9.51057
1.04528 9.94522
-1.04529 9.94522
-3.09017 9.51056
-5.00000 8.66025
-6.69131 7.43145
-8.09017 5.87785
-9.13546 4.06737
-9.78148 2.07912
-10.0000 0.00000
-9.78148 -2.07912
-9.13545 -4.06737
-8.09017 -5.87785
-6.69131 -7.43145
-5.00000 -8.66025
-3.09017 -9.51057
-1.04528 -9.94522
1.04528 -9.94522
3.09017 -9.51056
5.00000 -8.66025
6.69131 -7.43145
8.09017 -5.87785
9.13546 -4.06737
9.78148 -2.07912
0.5 # Scaling factor
0.0 1 0 0 # Rotation
0 20 0 # Position 

# Cross Section 12
10.0000 0.00000 # The 2D position of control points
9.78148 2.07912
9.13545 4.06737
8.09017 5.87785
6.69131 7.43145
5.00000 8.66025
3.09017 9.51057
1.04528 9.94522
-1.04529 9.94522
-3.09017 9.51056
-5.00000 8.66025
-6.69131 7.43145
-8.09017 5.87785
-9.13546 4.06737
-9.78148 2.07912
-10.0000 0.00000
-9.78148 -2.07912
-9.13545 -4.06737
-8.09017 -5.87785
-6.69131 -7.43145
-5.00000 -8.66025
-3.09017 -9.51057
-1.04528 -9.94522
1.04528 -9.94522
3.09017 -9.51056
5.00000 -8.66025
6.69131 -7.43145
8.09017 -5.87785
9.13546 -4.06737
9.78148 -2.07912
0.25 # Scaling factor
0.0 1 0 0 # Rotation
0 22 0 # Position 

# Cross Section 13
10.0000 0.00000 # The 2D position of control points
9.78148 2.07912
9.13545 4.06737
8.09017 5.87785
6.69131 7.43145
5.00000 8.66025
3.09017 9.51057
1.04528 9.94522
-1.04529 9.94522
-3.09017 9.51056
-5.00000 8.66025
-6.69131 7.43145
-8.09017 5.87785
-9.13546 4.06737
-9.78148 2.07912
-10.0000 0.00000
-9.78148 -2.07912
-9.13545 -4.06737
-8.09017 -5.87785
-6.69131 -7.43145
-5.00000 -8.66025
-3.09017 -9.51057
-1.04528 -9.94522
1.04528 -9.94522
3.09017 -9.51056
5.00000 -8.66025
6.69131 -7.43145
8.09017 -5.87785
9.13546 -4.06737
9.78148 -2.07912
0.25 # Scaling factor
0.0 1 0 0 # Rotation
0 28 0 # Position 

# Cross Section 14
10.0000 0.00000 # The 2D position of control points
9.78148 2.07912
9.13545 4.06737
8.09017 5.87785
6.69131 7.43145
5.00000 8.66025
3.09017 9.51057
1.04528 9.94522
-1.04529 9.94522
-3.09017 9.51056
-5.00000 8.66025
-6.69131 7.43145
-8.09017 5.87785
-9.13546 4.06737
-9.78148 2.07912
-10.0000 0.00000
-9.78148 -2.07912
-9.13545 -4.06737
-8.09017 -5.87785
-6.69131 -7.43145
-5.00000 -8.66025
-3.09017 -9.51057
-1.04528 -9.94522
1.04528 -9.94522
3.09017 -9.51056
5.00000 -8.66025
6.69131 -7.43145
8.09017 -5.87785
9.13546 -4.06737
9.78148 -2.07912
0.5 # Scaling factor
0.0 1 0 0 # Rotation
0 30 0 # Position 

# Cross Section 15
10.0000 0.00000 # The 2D position of control points
9.78148 2.07912
9.13545 4.06737
8.09017 5.87785
6.69131 7.43145
5.00000 8.66025
3.09017 9.51057
1.04528 9.94522
-1.04529 9.94522
-3.09017 9.51056
-5.00000 8.66025
-6.69131 7.43145
-8.09017 5.87785
-9.13546 4.06737
-9.78148 2.07912
-10.0000 0.00000
-9.78148 -2.07912
-9.13545 -4.06737
-8.09017 -5.87785
-6.69131 -7.43145
-5.00000 -8.66025
-3.09017 -9.51057
-1.04528 -9.94522
1.04528 -9.94522
3.09017 -9.51056
5.00000 -8.66025
6.69131 -7.43145
8.09017 -5.87785
9.13546 -4.06737
9.78148 -2.07912
0.75 # Scaling factor
0.0 1 0 0 # Rotation
0 32 0 # Position

# Cross Section 16
10.0000 0.00000 # The 2D position of control points
9.78148 2.07912
9.13545 4.06737
8.09017 5.87785
6.69131 7.43145
5.00000 8.66025
3.09017 9.51057
1.04528 9.94522
-1.04529 9.94522
-3.09017 9.51056
-5.00000 8.66025
-6.69131 7.43145
-8.09017 5.87785
-9.13546 4.06737
-9.78148 2.07912
-10.0000 0.00000
-9.78148 -2.07912
-9.13545 -4.06737
-8.09017 -5.87785
-6.69131 -7.43145
-5.00000 -8.66025
-3.09017 -9.51057
-1.04528 -9.94522
1.04528 -9.94522
3.09017 -9.51056
5.00000 -8.66025
6.69131 -7.43145
8.09017 -5.87785
9.13546 -4.06737
9.78148 -2.07912
0.8 # Scaling factor
0.0 1 0 0 # Rotation
0 36 0 # Position

# Cross Section 17
10.0000 0.00000 # The 2D position of control points
9.78148 2.07912
9.13545 4.06737
8.09017 5.87785
6.69131 7.43145
5.00000 8.66025
3.09017 9.51057
1.04528 9.94522
-1.04529 9.94522
-3.09017 9.51056
-5.00000 8.66025
-6.69131 7.43145
-8.09017 5.87785
-9.13546 4.06737
-9.78148 2.07912
-10.0000 0.00000
-9.78148 -2.07912
-9.13545 -4.06737
-8.09017 -5.87785
-6.69131 -7.43145
-5.00000 -8.66025
-3.09017 -9.51057
-1.04528 -9.94522
1.04528 -9.94522
3.09017 -9.51056
5.00000 -8.66025
6.69131 -7.43145
8.09017 -5.87785
9.13546 -4.06737
9.78148 -2.07912
0.75 # Scaling factor
0.0 1 0 0 # Rotation
0 36 0 # Position

# Cross Section 18
10.0000 0.00000 # The 2D position of control points
9.78148 2.07912
9.13545 4.06737
8.09017 5.87785
6.69131 7.43145
5.00000 8.66025
3.09017 9.51057
1.04528 9.94522
-1.04529 9.94522
-3.09017 9.51056
-5.00000 8.66025
-6.69131 7.43145
-8.09017 5.87785
-9.13546 4.06737
-9.78148 2.07912
-10.0000 0.00000
-9.78148 -2.07912
-9.13545 -4.06737
-8.09017 -5.87785
-6.69131 -7.43145
-5.00000 -8.66025
-3.09017 -9.51057
-1.04528 -9.94522
1.04528 -9.94522
3.09017 -9.51056
5.00000 -8.66025
6.69131 -7.43145
8.09017 -5.87785
9.13546 -4.06737
9.78148 -2.07912
0.75 # Scaling factor
0.0 1 0 0 # Rotation
0 35 0 # Position

# Cross Section 19
10.0000 0.00000 # The 2D position of control points
9.78148 2.07912
9.13545 4.06737
8.09017 5.87785
6.69131 7.43145
5.00000 8.66025
3.09017 9.51057
1.04528 9.94522
-1.04529 9.94522
-3.09017 9.51056
-5.00000 8.66025
-6.69131 7.43145
-8.09017 5.87785
-9.13546 4.06737
-9.78148 2.07912
-10.0000 0.00000
-9.78148 -2.07912
-9.13545 -4.06737
-8.09017 -5.87785
-6.69131 -7.43145
-5.00000 -8.66025
-3.09017 -9.51057
-1.04528 -9.94522
1.04528 -9.94522
3.09017 -9.51056
5.00000 -8.66025
6.69131 -7.43145
8.09017 -5.87785
9.13546 -4.06737
9.78148 -2.07912
0.0 # Scaling factor
0.0 1 0 0 # Rotation
0 35 0 # Position